{
 "cells": [
  {
   "cell_type": "code",
   "metadata": {
    "collapsed": true,
    "pycharm": {
     "name": "#%%\n"
    }
   },
   "source": [
    "import torch\n",
    "import torch.nn as nn\n",
    "import pandas as pd\n",
    "import matplotlib.pyplot as plt\n",
    "import torch.nn.functional as F\n",
    "from torch.utils.data import DataLoader, TensorDataset, random_split\n",
    "import numpy as np"
   ],
   "execution_count": 185,
   "outputs": []
  },
  {
   "cell_type": "markdown",
   "source": [
    "Perform operations on GPU"
   ],
   "metadata": {
    "collapsed": false,
    "pycharm": {
     "name": "#%% md\n"
    }
   }
  },
  {
   "cell_type": "code",
   "execution_count": 186,
   "outputs": [],
   "source": [
    "device = torch.device('cuda' if torch.cuda.is_available() else 'cpu')\n"
   ],
   "metadata": {
    "collapsed": false,
    "pycharm": {
     "name": "#%%\n"
    }
   }
  },
  {
   "cell_type": "markdown",
   "source": [
    "Load data"
   ],
   "metadata": {
    "collapsed": false,
    "pycharm": {
     "name": "#%% md\n"
    }
   }
  },
  {
   "cell_type": "code",
   "execution_count": 187,
   "outputs": [],
   "source": [
    "dataframe_raw = pd.read_csv('data.csv', delimiter=\",\")"
   ],
   "metadata": {
    "collapsed": false,
    "pycharm": {
     "name": "#%%\n"
    }
   }
  },
  {
   "cell_type": "markdown",
   "source": [
    "Explore data"
   ],
   "metadata": {
    "collapsed": false,
    "pycharm": {
     "name": "#%% md\n"
    }
   }
  },
  {
   "cell_type": "code",
   "execution_count": 188,
   "outputs": [
    {
     "data": {
      "text/plain": "   instant      dteday  season  yr  mnth  hr  holiday  weekday  workingday  \\\n0        1  2011-01-01       1   0     1   0        0        6           0   \n1        2  2011-01-01       1   0     1   1        0        6           0   \n2        3  2011-01-01       1   0     1   2        0        6           0   \n3        4  2011-01-01       1   0     1   3        0        6           0   \n4        5  2011-01-01       1   0     1   4        0        6           0   \n\n   weathersit  temp   atemp   hum  windspeed  casual  registered  cnt  \n0           1  0.24  0.2879  0.81        0.0       3          13   16  \n1           1  0.22  0.2727  0.80        0.0       8          32   40  \n2           1  0.22  0.2727  0.80        0.0       5          27   32  \n3           1  0.24  0.2879  0.75        0.0       3          10   13  \n4           1  0.24  0.2879  0.75        0.0       0           1    1  ",
      "text/html": "<div>\n<style scoped>\n    .dataframe tbody tr th:only-of-type {\n        vertical-align: middle;\n    }\n\n    .dataframe tbody tr th {\n        vertical-align: top;\n    }\n\n    .dataframe thead th {\n        text-align: right;\n    }\n</style>\n<table border=\"1\" class=\"dataframe\">\n  <thead>\n    <tr style=\"text-align: right;\">\n      <th></th>\n      <th>instant</th>\n      <th>dteday</th>\n      <th>season</th>\n      <th>yr</th>\n      <th>mnth</th>\n      <th>hr</th>\n      <th>holiday</th>\n      <th>weekday</th>\n      <th>workingday</th>\n      <th>weathersit</th>\n      <th>temp</th>\n      <th>atemp</th>\n      <th>hum</th>\n      <th>windspeed</th>\n      <th>casual</th>\n      <th>registered</th>\n      <th>cnt</th>\n    </tr>\n  </thead>\n  <tbody>\n    <tr>\n      <th>0</th>\n      <td>1</td>\n      <td>2011-01-01</td>\n      <td>1</td>\n      <td>0</td>\n      <td>1</td>\n      <td>0</td>\n      <td>0</td>\n      <td>6</td>\n      <td>0</td>\n      <td>1</td>\n      <td>0.24</td>\n      <td>0.2879</td>\n      <td>0.81</td>\n      <td>0.0</td>\n      <td>3</td>\n      <td>13</td>\n      <td>16</td>\n    </tr>\n    <tr>\n      <th>1</th>\n      <td>2</td>\n      <td>2011-01-01</td>\n      <td>1</td>\n      <td>0</td>\n      <td>1</td>\n      <td>1</td>\n      <td>0</td>\n      <td>6</td>\n      <td>0</td>\n      <td>1</td>\n      <td>0.22</td>\n      <td>0.2727</td>\n      <td>0.80</td>\n      <td>0.0</td>\n      <td>8</td>\n      <td>32</td>\n      <td>40</td>\n    </tr>\n    <tr>\n      <th>2</th>\n      <td>3</td>\n      <td>2011-01-01</td>\n      <td>1</td>\n      <td>0</td>\n      <td>1</td>\n      <td>2</td>\n      <td>0</td>\n      <td>6</td>\n      <td>0</td>\n      <td>1</td>\n      <td>0.22</td>\n      <td>0.2727</td>\n      <td>0.80</td>\n      <td>0.0</td>\n      <td>5</td>\n      <td>27</td>\n      <td>32</td>\n    </tr>\n    <tr>\n      <th>3</th>\n      <td>4</td>\n      <td>2011-01-01</td>\n      <td>1</td>\n      <td>0</td>\n      <td>1</td>\n      <td>3</td>\n      <td>0</td>\n      <td>6</td>\n      <td>0</td>\n      <td>1</td>\n      <td>0.24</td>\n      <td>0.2879</td>\n      <td>0.75</td>\n      <td>0.0</td>\n      <td>3</td>\n      <td>10</td>\n      <td>13</td>\n    </tr>\n    <tr>\n      <th>4</th>\n      <td>5</td>\n      <td>2011-01-01</td>\n      <td>1</td>\n      <td>0</td>\n      <td>1</td>\n      <td>4</td>\n      <td>0</td>\n      <td>6</td>\n      <td>0</td>\n      <td>1</td>\n      <td>0.24</td>\n      <td>0.2879</td>\n      <td>0.75</td>\n      <td>0.0</td>\n      <td>0</td>\n      <td>1</td>\n      <td>1</td>\n    </tr>\n  </tbody>\n</table>\n</div>"
     },
     "execution_count": 188,
     "metadata": {},
     "output_type": "execute_result"
    }
   ],
   "source": [
    "dataframe_raw.head()"
   ],
   "metadata": {
    "collapsed": false,
    "pycharm": {
     "name": "#%%\n"
    }
   }
  },
  {
   "cell_type": "code",
   "execution_count": 189,
   "outputs": [
    {
     "data": {
      "text/plain": "   season  yr  mnth  hr  holiday  weekday  workingday  weathersit  temp  \\\n0       1   0     1   0        0        6           0           1  0.24   \n1       1   0     1   1        0        6           0           1  0.22   \n2       1   0     1   2        0        6           0           1  0.22   \n3       1   0     1   3        0        6           0           1  0.24   \n4       1   0     1   4        0        6           0           1  0.24   \n\n    atemp   hum  windspeed  cnt  \n0  0.2879  0.81        0.0   16  \n1  0.2727  0.80        0.0   40  \n2  0.2727  0.80        0.0   32  \n3  0.2879  0.75        0.0   13  \n4  0.2879  0.75        0.0    1  ",
      "text/html": "<div>\n<style scoped>\n    .dataframe tbody tr th:only-of-type {\n        vertical-align: middle;\n    }\n\n    .dataframe tbody tr th {\n        vertical-align: top;\n    }\n\n    .dataframe thead th {\n        text-align: right;\n    }\n</style>\n<table border=\"1\" class=\"dataframe\">\n  <thead>\n    <tr style=\"text-align: right;\">\n      <th></th>\n      <th>season</th>\n      <th>yr</th>\n      <th>mnth</th>\n      <th>hr</th>\n      <th>holiday</th>\n      <th>weekday</th>\n      <th>workingday</th>\n      <th>weathersit</th>\n      <th>temp</th>\n      <th>atemp</th>\n      <th>hum</th>\n      <th>windspeed</th>\n      <th>cnt</th>\n    </tr>\n  </thead>\n  <tbody>\n    <tr>\n      <th>0</th>\n      <td>1</td>\n      <td>0</td>\n      <td>1</td>\n      <td>0</td>\n      <td>0</td>\n      <td>6</td>\n      <td>0</td>\n      <td>1</td>\n      <td>0.24</td>\n      <td>0.2879</td>\n      <td>0.81</td>\n      <td>0.0</td>\n      <td>16</td>\n    </tr>\n    <tr>\n      <th>1</th>\n      <td>1</td>\n      <td>0</td>\n      <td>1</td>\n      <td>1</td>\n      <td>0</td>\n      <td>6</td>\n      <td>0</td>\n      <td>1</td>\n      <td>0.22</td>\n      <td>0.2727</td>\n      <td>0.80</td>\n      <td>0.0</td>\n      <td>40</td>\n    </tr>\n    <tr>\n      <th>2</th>\n      <td>1</td>\n      <td>0</td>\n      <td>1</td>\n      <td>2</td>\n      <td>0</td>\n      <td>6</td>\n      <td>0</td>\n      <td>1</td>\n      <td>0.22</td>\n      <td>0.2727</td>\n      <td>0.80</td>\n      <td>0.0</td>\n      <td>32</td>\n    </tr>\n    <tr>\n      <th>3</th>\n      <td>1</td>\n      <td>0</td>\n      <td>1</td>\n      <td>3</td>\n      <td>0</td>\n      <td>6</td>\n      <td>0</td>\n      <td>1</td>\n      <td>0.24</td>\n      <td>0.2879</td>\n      <td>0.75</td>\n      <td>0.0</td>\n      <td>13</td>\n    </tr>\n    <tr>\n      <th>4</th>\n      <td>1</td>\n      <td>0</td>\n      <td>1</td>\n      <td>4</td>\n      <td>0</td>\n      <td>6</td>\n      <td>0</td>\n      <td>1</td>\n      <td>0.24</td>\n      <td>0.2879</td>\n      <td>0.75</td>\n      <td>0.0</td>\n      <td>1</td>\n    </tr>\n  </tbody>\n</table>\n</div>"
     },
     "execution_count": 189,
     "metadata": {},
     "output_type": "execute_result"
    }
   ],
   "source": [
    "dataframe_raw = dataframe_raw.drop(['dteday', 'instant', 'casual', 'registered'], axis=1)\n",
    "dataframe_raw.head()"
   ],
   "metadata": {
    "collapsed": false,
    "pycharm": {
     "name": "#%%\n"
    }
   }
  },
  {
   "cell_type": "code",
   "execution_count": 190,
   "outputs": [
    {
     "name": "stdout",
     "output_type": "stream",
     "text": [
      "<class 'pandas.core.frame.DataFrame'>\n",
      "RangeIndex: 10886 entries, 0 to 10885\n",
      "Data columns (total 13 columns):\n",
      " #   Column      Non-Null Count  Dtype  \n",
      "---  ------      --------------  -----  \n",
      " 0   season      10886 non-null  int64  \n",
      " 1   yr          10886 non-null  int64  \n",
      " 2   mnth        10886 non-null  int64  \n",
      " 3   hr          10886 non-null  int64  \n",
      " 4   holiday     10886 non-null  int64  \n",
      " 5   weekday     10886 non-null  int64  \n",
      " 6   workingday  10886 non-null  int64  \n",
      " 7   weathersit  10886 non-null  int64  \n",
      " 8   temp        10886 non-null  float64\n",
      " 9   atemp       10886 non-null  float64\n",
      " 10  hum         10886 non-null  float64\n",
      " 11  windspeed   10886 non-null  float64\n",
      " 12  cnt         10886 non-null  int64  \n",
      "dtypes: float64(4), int64(9)\n",
      "memory usage: 1.1 MB\n"
     ]
    }
   ],
   "source": [
    "dataframe_raw.info()"
   ],
   "metadata": {
    "collapsed": false,
    "pycharm": {
     "name": "#%%\n"
    }
   }
  },
  {
   "cell_type": "code",
   "execution_count": 191,
   "outputs": [
    {
     "data": {
      "text/plain": "             season            yr          mnth            hr       holiday  \\\ncount  10886.000000  10886.000000  10886.000000  10886.000000  10886.000000   \nmean       2.506614      0.501929      6.521495     11.541613      0.028569   \nstd        1.116174      0.500019      3.444373      6.915838      0.166599   \nmin        1.000000      0.000000      1.000000      0.000000      0.000000   \n25%        2.000000      0.000000      4.000000      6.000000      0.000000   \n50%        3.000000      1.000000      7.000000     12.000000      0.000000   \n75%        4.000000      1.000000     10.000000     18.000000      0.000000   \nmax        4.000000      1.000000     12.000000     23.000000      1.000000   \n\n            weekday    workingday    weathersit          temp         atemp  \\\ncount  10886.000000  10886.000000  10886.000000  10886.000000  10886.000000   \nmean       2.998622      0.680875      1.418427      0.493436      0.473102   \nstd        2.007770      0.466159      0.633839      0.190039      0.169492   \nmin        0.000000      0.000000      1.000000      0.020000      0.015200   \n25%        1.000000      0.000000      1.000000      0.340000      0.333300   \n50%        3.000000      1.000000      1.000000      0.500000      0.484800   \n75%        5.000000      1.000000      2.000000      0.640000      0.621200   \nmax        6.000000      1.000000      4.000000      1.000000      0.909100   \n\n                hum     windspeed           cnt  \ncount  10886.000000  10886.000000  10886.000000  \nmean       0.618865      0.191036    191.574132  \nstd        0.192450      0.121859    181.144454  \nmin        0.000000      0.000000      1.000000  \n25%        0.470000      0.104500     42.000000  \n50%        0.620000      0.194000    145.000000  \n75%        0.770000      0.253700    284.000000  \nmax        1.000000      0.850700    977.000000  ",
      "text/html": "<div>\n<style scoped>\n    .dataframe tbody tr th:only-of-type {\n        vertical-align: middle;\n    }\n\n    .dataframe tbody tr th {\n        vertical-align: top;\n    }\n\n    .dataframe thead th {\n        text-align: right;\n    }\n</style>\n<table border=\"1\" class=\"dataframe\">\n  <thead>\n    <tr style=\"text-align: right;\">\n      <th></th>\n      <th>season</th>\n      <th>yr</th>\n      <th>mnth</th>\n      <th>hr</th>\n      <th>holiday</th>\n      <th>weekday</th>\n      <th>workingday</th>\n      <th>weathersit</th>\n      <th>temp</th>\n      <th>atemp</th>\n      <th>hum</th>\n      <th>windspeed</th>\n      <th>cnt</th>\n    </tr>\n  </thead>\n  <tbody>\n    <tr>\n      <th>count</th>\n      <td>10886.000000</td>\n      <td>10886.000000</td>\n      <td>10886.000000</td>\n      <td>10886.000000</td>\n      <td>10886.000000</td>\n      <td>10886.000000</td>\n      <td>10886.000000</td>\n      <td>10886.000000</td>\n      <td>10886.000000</td>\n      <td>10886.000000</td>\n      <td>10886.000000</td>\n      <td>10886.000000</td>\n      <td>10886.000000</td>\n    </tr>\n    <tr>\n      <th>mean</th>\n      <td>2.506614</td>\n      <td>0.501929</td>\n      <td>6.521495</td>\n      <td>11.541613</td>\n      <td>0.028569</td>\n      <td>2.998622</td>\n      <td>0.680875</td>\n      <td>1.418427</td>\n      <td>0.493436</td>\n      <td>0.473102</td>\n      <td>0.618865</td>\n      <td>0.191036</td>\n      <td>191.574132</td>\n    </tr>\n    <tr>\n      <th>std</th>\n      <td>1.116174</td>\n      <td>0.500019</td>\n      <td>3.444373</td>\n      <td>6.915838</td>\n      <td>0.166599</td>\n      <td>2.007770</td>\n      <td>0.466159</td>\n      <td>0.633839</td>\n      <td>0.190039</td>\n      <td>0.169492</td>\n      <td>0.192450</td>\n      <td>0.121859</td>\n      <td>181.144454</td>\n    </tr>\n    <tr>\n      <th>min</th>\n      <td>1.000000</td>\n      <td>0.000000</td>\n      <td>1.000000</td>\n      <td>0.000000</td>\n      <td>0.000000</td>\n      <td>0.000000</td>\n      <td>0.000000</td>\n      <td>1.000000</td>\n      <td>0.020000</td>\n      <td>0.015200</td>\n      <td>0.000000</td>\n      <td>0.000000</td>\n      <td>1.000000</td>\n    </tr>\n    <tr>\n      <th>25%</th>\n      <td>2.000000</td>\n      <td>0.000000</td>\n      <td>4.000000</td>\n      <td>6.000000</td>\n      <td>0.000000</td>\n      <td>1.000000</td>\n      <td>0.000000</td>\n      <td>1.000000</td>\n      <td>0.340000</td>\n      <td>0.333300</td>\n      <td>0.470000</td>\n      <td>0.104500</td>\n      <td>42.000000</td>\n    </tr>\n    <tr>\n      <th>50%</th>\n      <td>3.000000</td>\n      <td>1.000000</td>\n      <td>7.000000</td>\n      <td>12.000000</td>\n      <td>0.000000</td>\n      <td>3.000000</td>\n      <td>1.000000</td>\n      <td>1.000000</td>\n      <td>0.500000</td>\n      <td>0.484800</td>\n      <td>0.620000</td>\n      <td>0.194000</td>\n      <td>145.000000</td>\n    </tr>\n    <tr>\n      <th>75%</th>\n      <td>4.000000</td>\n      <td>1.000000</td>\n      <td>10.000000</td>\n      <td>18.000000</td>\n      <td>0.000000</td>\n      <td>5.000000</td>\n      <td>1.000000</td>\n      <td>2.000000</td>\n      <td>0.640000</td>\n      <td>0.621200</td>\n      <td>0.770000</td>\n      <td>0.253700</td>\n      <td>284.000000</td>\n    </tr>\n    <tr>\n      <th>max</th>\n      <td>4.000000</td>\n      <td>1.000000</td>\n      <td>12.000000</td>\n      <td>23.000000</td>\n      <td>1.000000</td>\n      <td>6.000000</td>\n      <td>1.000000</td>\n      <td>4.000000</td>\n      <td>1.000000</td>\n      <td>0.909100</td>\n      <td>1.000000</td>\n      <td>0.850700</td>\n      <td>977.000000</td>\n    </tr>\n  </tbody>\n</table>\n</div>"
     },
     "execution_count": 191,
     "metadata": {},
     "output_type": "execute_result"
    }
   ],
   "source": [
    "dataframe_raw.describe()"
   ],
   "metadata": {
    "collapsed": false,
    "pycharm": {
     "name": "#%%\n"
    }
   }
  },
  {
   "cell_type": "code",
   "execution_count": 192,
   "outputs": [
    {
     "data": {
      "text/plain": "              season        yr      mnth        hr   holiday   weekday  \\\nseason      1.000000 -0.004797  0.971524 -0.006546  0.029368 -0.009691   \nyr         -0.004797  1.000000 -0.004932 -0.004234  0.012021 -0.018162   \nmnth        0.971524 -0.004932  1.000000 -0.006818  0.001731 -0.001012   \nhr         -0.006546 -0.004234 -0.006818  1.000000 -0.000354 -0.001660   \nholiday     0.029368  0.012021  0.001731 -0.000354  1.000000 -0.104800   \nweekday    -0.009691 -0.018162 -0.001012 -0.001660 -0.104800  1.000000   \nworkingday -0.008126 -0.002482 -0.003394  0.002780 -0.250491  0.035554   \nweathersit  0.008879 -0.012548  0.012144 -0.022740 -0.007074 -0.016439   \ntemp        0.258689  0.061226  0.257589  0.145430  0.000295 -0.026143   \natemp       0.264744  0.058540  0.264173  0.140343 -0.005215 -0.035079   \nhum         0.190610 -0.078606  0.204537 -0.278011  0.001929 -0.059722   \nwindspeed  -0.147121 -0.015221 -0.150192  0.146631  0.008409 -0.006178   \ncnt         0.163439  0.260403  0.166862  0.400601 -0.005393  0.027690   \n\n            workingday  weathersit      temp     atemp       hum  windspeed  \\\nseason       -0.008126    0.008879  0.258689  0.264744  0.190610  -0.147121   \nyr           -0.002482   -0.012548  0.061226  0.058540 -0.078606  -0.015221   \nmnth         -0.003394    0.012144  0.257589  0.264173  0.204537  -0.150192   \nhr            0.002780   -0.022740  0.145430  0.140343 -0.278011   0.146631   \nholiday      -0.250491   -0.007074  0.000295 -0.005215  0.001929   0.008409   \nweekday       0.035554   -0.016439 -0.026143 -0.035079 -0.059722  -0.006178   \nworkingday    1.000000    0.033772  0.029966  0.024660 -0.010880   0.013373   \nweathersit    0.033772    1.000000 -0.055035 -0.055376  0.406244   0.007261   \ntemp          0.029966   -0.055035  1.000000  0.984948 -0.064949  -0.017852   \natemp         0.024660   -0.055376  0.984948  1.000000 -0.043536  -0.057473   \nhum          -0.010880    0.406244 -0.064949 -0.043536  1.000000  -0.318607   \nwindspeed     0.013373    0.007261 -0.017852 -0.057473 -0.318607   1.000000   \ncnt           0.011594   -0.128655  0.394454  0.389784 -0.317371   0.101369   \n\n                 cnt  \nseason      0.163439  \nyr          0.260403  \nmnth        0.166862  \nhr          0.400601  \nholiday    -0.005393  \nweekday     0.027690  \nworkingday  0.011594  \nweathersit -0.128655  \ntemp        0.394454  \natemp       0.389784  \nhum        -0.317371  \nwindspeed   0.101369  \ncnt         1.000000  ",
      "text/html": "<div>\n<style scoped>\n    .dataframe tbody tr th:only-of-type {\n        vertical-align: middle;\n    }\n\n    .dataframe tbody tr th {\n        vertical-align: top;\n    }\n\n    .dataframe thead th {\n        text-align: right;\n    }\n</style>\n<table border=\"1\" class=\"dataframe\">\n  <thead>\n    <tr style=\"text-align: right;\">\n      <th></th>\n      <th>season</th>\n      <th>yr</th>\n      <th>mnth</th>\n      <th>hr</th>\n      <th>holiday</th>\n      <th>weekday</th>\n      <th>workingday</th>\n      <th>weathersit</th>\n      <th>temp</th>\n      <th>atemp</th>\n      <th>hum</th>\n      <th>windspeed</th>\n      <th>cnt</th>\n    </tr>\n  </thead>\n  <tbody>\n    <tr>\n      <th>season</th>\n      <td>1.000000</td>\n      <td>-0.004797</td>\n      <td>0.971524</td>\n      <td>-0.006546</td>\n      <td>0.029368</td>\n      <td>-0.009691</td>\n      <td>-0.008126</td>\n      <td>0.008879</td>\n      <td>0.258689</td>\n      <td>0.264744</td>\n      <td>0.190610</td>\n      <td>-0.147121</td>\n      <td>0.163439</td>\n    </tr>\n    <tr>\n      <th>yr</th>\n      <td>-0.004797</td>\n      <td>1.000000</td>\n      <td>-0.004932</td>\n      <td>-0.004234</td>\n      <td>0.012021</td>\n      <td>-0.018162</td>\n      <td>-0.002482</td>\n      <td>-0.012548</td>\n      <td>0.061226</td>\n      <td>0.058540</td>\n      <td>-0.078606</td>\n      <td>-0.015221</td>\n      <td>0.260403</td>\n    </tr>\n    <tr>\n      <th>mnth</th>\n      <td>0.971524</td>\n      <td>-0.004932</td>\n      <td>1.000000</td>\n      <td>-0.006818</td>\n      <td>0.001731</td>\n      <td>-0.001012</td>\n      <td>-0.003394</td>\n      <td>0.012144</td>\n      <td>0.257589</td>\n      <td>0.264173</td>\n      <td>0.204537</td>\n      <td>-0.150192</td>\n      <td>0.166862</td>\n    </tr>\n    <tr>\n      <th>hr</th>\n      <td>-0.006546</td>\n      <td>-0.004234</td>\n      <td>-0.006818</td>\n      <td>1.000000</td>\n      <td>-0.000354</td>\n      <td>-0.001660</td>\n      <td>0.002780</td>\n      <td>-0.022740</td>\n      <td>0.145430</td>\n      <td>0.140343</td>\n      <td>-0.278011</td>\n      <td>0.146631</td>\n      <td>0.400601</td>\n    </tr>\n    <tr>\n      <th>holiday</th>\n      <td>0.029368</td>\n      <td>0.012021</td>\n      <td>0.001731</td>\n      <td>-0.000354</td>\n      <td>1.000000</td>\n      <td>-0.104800</td>\n      <td>-0.250491</td>\n      <td>-0.007074</td>\n      <td>0.000295</td>\n      <td>-0.005215</td>\n      <td>0.001929</td>\n      <td>0.008409</td>\n      <td>-0.005393</td>\n    </tr>\n    <tr>\n      <th>weekday</th>\n      <td>-0.009691</td>\n      <td>-0.018162</td>\n      <td>-0.001012</td>\n      <td>-0.001660</td>\n      <td>-0.104800</td>\n      <td>1.000000</td>\n      <td>0.035554</td>\n      <td>-0.016439</td>\n      <td>-0.026143</td>\n      <td>-0.035079</td>\n      <td>-0.059722</td>\n      <td>-0.006178</td>\n      <td>0.027690</td>\n    </tr>\n    <tr>\n      <th>workingday</th>\n      <td>-0.008126</td>\n      <td>-0.002482</td>\n      <td>-0.003394</td>\n      <td>0.002780</td>\n      <td>-0.250491</td>\n      <td>0.035554</td>\n      <td>1.000000</td>\n      <td>0.033772</td>\n      <td>0.029966</td>\n      <td>0.024660</td>\n      <td>-0.010880</td>\n      <td>0.013373</td>\n      <td>0.011594</td>\n    </tr>\n    <tr>\n      <th>weathersit</th>\n      <td>0.008879</td>\n      <td>-0.012548</td>\n      <td>0.012144</td>\n      <td>-0.022740</td>\n      <td>-0.007074</td>\n      <td>-0.016439</td>\n      <td>0.033772</td>\n      <td>1.000000</td>\n      <td>-0.055035</td>\n      <td>-0.055376</td>\n      <td>0.406244</td>\n      <td>0.007261</td>\n      <td>-0.128655</td>\n    </tr>\n    <tr>\n      <th>temp</th>\n      <td>0.258689</td>\n      <td>0.061226</td>\n      <td>0.257589</td>\n      <td>0.145430</td>\n      <td>0.000295</td>\n      <td>-0.026143</td>\n      <td>0.029966</td>\n      <td>-0.055035</td>\n      <td>1.000000</td>\n      <td>0.984948</td>\n      <td>-0.064949</td>\n      <td>-0.017852</td>\n      <td>0.394454</td>\n    </tr>\n    <tr>\n      <th>atemp</th>\n      <td>0.264744</td>\n      <td>0.058540</td>\n      <td>0.264173</td>\n      <td>0.140343</td>\n      <td>-0.005215</td>\n      <td>-0.035079</td>\n      <td>0.024660</td>\n      <td>-0.055376</td>\n      <td>0.984948</td>\n      <td>1.000000</td>\n      <td>-0.043536</td>\n      <td>-0.057473</td>\n      <td>0.389784</td>\n    </tr>\n    <tr>\n      <th>hum</th>\n      <td>0.190610</td>\n      <td>-0.078606</td>\n      <td>0.204537</td>\n      <td>-0.278011</td>\n      <td>0.001929</td>\n      <td>-0.059722</td>\n      <td>-0.010880</td>\n      <td>0.406244</td>\n      <td>-0.064949</td>\n      <td>-0.043536</td>\n      <td>1.000000</td>\n      <td>-0.318607</td>\n      <td>-0.317371</td>\n    </tr>\n    <tr>\n      <th>windspeed</th>\n      <td>-0.147121</td>\n      <td>-0.015221</td>\n      <td>-0.150192</td>\n      <td>0.146631</td>\n      <td>0.008409</td>\n      <td>-0.006178</td>\n      <td>0.013373</td>\n      <td>0.007261</td>\n      <td>-0.017852</td>\n      <td>-0.057473</td>\n      <td>-0.318607</td>\n      <td>1.000000</td>\n      <td>0.101369</td>\n    </tr>\n    <tr>\n      <th>cnt</th>\n      <td>0.163439</td>\n      <td>0.260403</td>\n      <td>0.166862</td>\n      <td>0.400601</td>\n      <td>-0.005393</td>\n      <td>0.027690</td>\n      <td>0.011594</td>\n      <td>-0.128655</td>\n      <td>0.394454</td>\n      <td>0.389784</td>\n      <td>-0.317371</td>\n      <td>0.101369</td>\n      <td>1.000000</td>\n    </tr>\n  </tbody>\n</table>\n</div>"
     },
     "execution_count": 192,
     "metadata": {},
     "output_type": "execute_result"
    }
   ],
   "source": [
    "dataframe_raw.describe()\n",
    "dataframe_raw.corr()"
   ],
   "metadata": {
    "collapsed": false,
    "pycharm": {
     "name": "#%%\n"
    }
   }
  },
  {
   "cell_type": "code",
   "execution_count": 193,
   "outputs": [
    {
     "data": {
      "text/plain": "              season        yr      mnth        hr   holiday   weekday  \\\nseason      1.000000 -0.004797  0.971524 -0.006546  0.029368 -0.009691   \nyr         -0.004797  1.000000 -0.004932 -0.004234  0.012021 -0.018162   \nmnth        0.971524 -0.004932  1.000000 -0.006818  0.001731 -0.001012   \nhr         -0.006546 -0.004234 -0.006818  1.000000 -0.000354 -0.001660   \nholiday     0.029368  0.012021  0.001731 -0.000354  1.000000 -0.104800   \nweekday    -0.009691 -0.018162 -0.001012 -0.001660 -0.104800  1.000000   \nworkingday -0.008126 -0.002482 -0.003394  0.002780 -0.250491  0.035554   \nweathersit  0.008879 -0.012548  0.012144 -0.022740 -0.007074 -0.016439   \ntemp        0.258689  0.061226  0.257589  0.145430  0.000295 -0.026143   \natemp       0.264744  0.058540  0.264173  0.140343 -0.005215 -0.035079   \nhum         0.190610 -0.078606  0.204537 -0.278011  0.001929 -0.059722   \nwindspeed  -0.147121 -0.015221 -0.150192  0.146631  0.008409 -0.006178   \ncnt         0.163439  0.260403  0.166862  0.400601 -0.005393  0.027690   \n\n            workingday  weathersit      temp     atemp       hum  windspeed  \\\nseason       -0.008126    0.008879  0.258689  0.264744  0.190610  -0.147121   \nyr           -0.002482   -0.012548  0.061226  0.058540 -0.078606  -0.015221   \nmnth         -0.003394    0.012144  0.257589  0.264173  0.204537  -0.150192   \nhr            0.002780   -0.022740  0.145430  0.140343 -0.278011   0.146631   \nholiday      -0.250491   -0.007074  0.000295 -0.005215  0.001929   0.008409   \nweekday       0.035554   -0.016439 -0.026143 -0.035079 -0.059722  -0.006178   \nworkingday    1.000000    0.033772  0.029966  0.024660 -0.010880   0.013373   \nweathersit    0.033772    1.000000 -0.055035 -0.055376  0.406244   0.007261   \ntemp          0.029966   -0.055035  1.000000  0.984948 -0.064949  -0.017852   \natemp         0.024660   -0.055376  0.984948  1.000000 -0.043536  -0.057473   \nhum          -0.010880    0.406244 -0.064949 -0.043536  1.000000  -0.318607   \nwindspeed     0.013373    0.007261 -0.017852 -0.057473 -0.318607   1.000000   \ncnt           0.011594   -0.128655  0.394454  0.389784 -0.317371   0.101369   \n\n                 cnt  \nseason      0.163439  \nyr          0.260403  \nmnth        0.166862  \nhr          0.400601  \nholiday    -0.005393  \nweekday     0.027690  \nworkingday  0.011594  \nweathersit -0.128655  \ntemp        0.394454  \natemp       0.389784  \nhum        -0.317371  \nwindspeed   0.101369  \ncnt         1.000000  ",
      "text/html": "<div>\n<style scoped>\n    .dataframe tbody tr th:only-of-type {\n        vertical-align: middle;\n    }\n\n    .dataframe tbody tr th {\n        vertical-align: top;\n    }\n\n    .dataframe thead th {\n        text-align: right;\n    }\n</style>\n<table border=\"1\" class=\"dataframe\">\n  <thead>\n    <tr style=\"text-align: right;\">\n      <th></th>\n      <th>season</th>\n      <th>yr</th>\n      <th>mnth</th>\n      <th>hr</th>\n      <th>holiday</th>\n      <th>weekday</th>\n      <th>workingday</th>\n      <th>weathersit</th>\n      <th>temp</th>\n      <th>atemp</th>\n      <th>hum</th>\n      <th>windspeed</th>\n      <th>cnt</th>\n    </tr>\n  </thead>\n  <tbody>\n    <tr>\n      <th>season</th>\n      <td>1.000000</td>\n      <td>-0.004797</td>\n      <td>0.971524</td>\n      <td>-0.006546</td>\n      <td>0.029368</td>\n      <td>-0.009691</td>\n      <td>-0.008126</td>\n      <td>0.008879</td>\n      <td>0.258689</td>\n      <td>0.264744</td>\n      <td>0.190610</td>\n      <td>-0.147121</td>\n      <td>0.163439</td>\n    </tr>\n    <tr>\n      <th>yr</th>\n      <td>-0.004797</td>\n      <td>1.000000</td>\n      <td>-0.004932</td>\n      <td>-0.004234</td>\n      <td>0.012021</td>\n      <td>-0.018162</td>\n      <td>-0.002482</td>\n      <td>-0.012548</td>\n      <td>0.061226</td>\n      <td>0.058540</td>\n      <td>-0.078606</td>\n      <td>-0.015221</td>\n      <td>0.260403</td>\n    </tr>\n    <tr>\n      <th>mnth</th>\n      <td>0.971524</td>\n      <td>-0.004932</td>\n      <td>1.000000</td>\n      <td>-0.006818</td>\n      <td>0.001731</td>\n      <td>-0.001012</td>\n      <td>-0.003394</td>\n      <td>0.012144</td>\n      <td>0.257589</td>\n      <td>0.264173</td>\n      <td>0.204537</td>\n      <td>-0.150192</td>\n      <td>0.166862</td>\n    </tr>\n    <tr>\n      <th>hr</th>\n      <td>-0.006546</td>\n      <td>-0.004234</td>\n      <td>-0.006818</td>\n      <td>1.000000</td>\n      <td>-0.000354</td>\n      <td>-0.001660</td>\n      <td>0.002780</td>\n      <td>-0.022740</td>\n      <td>0.145430</td>\n      <td>0.140343</td>\n      <td>-0.278011</td>\n      <td>0.146631</td>\n      <td>0.400601</td>\n    </tr>\n    <tr>\n      <th>holiday</th>\n      <td>0.029368</td>\n      <td>0.012021</td>\n      <td>0.001731</td>\n      <td>-0.000354</td>\n      <td>1.000000</td>\n      <td>-0.104800</td>\n      <td>-0.250491</td>\n      <td>-0.007074</td>\n      <td>0.000295</td>\n      <td>-0.005215</td>\n      <td>0.001929</td>\n      <td>0.008409</td>\n      <td>-0.005393</td>\n    </tr>\n    <tr>\n      <th>weekday</th>\n      <td>-0.009691</td>\n      <td>-0.018162</td>\n      <td>-0.001012</td>\n      <td>-0.001660</td>\n      <td>-0.104800</td>\n      <td>1.000000</td>\n      <td>0.035554</td>\n      <td>-0.016439</td>\n      <td>-0.026143</td>\n      <td>-0.035079</td>\n      <td>-0.059722</td>\n      <td>-0.006178</td>\n      <td>0.027690</td>\n    </tr>\n    <tr>\n      <th>workingday</th>\n      <td>-0.008126</td>\n      <td>-0.002482</td>\n      <td>-0.003394</td>\n      <td>0.002780</td>\n      <td>-0.250491</td>\n      <td>0.035554</td>\n      <td>1.000000</td>\n      <td>0.033772</td>\n      <td>0.029966</td>\n      <td>0.024660</td>\n      <td>-0.010880</td>\n      <td>0.013373</td>\n      <td>0.011594</td>\n    </tr>\n    <tr>\n      <th>weathersit</th>\n      <td>0.008879</td>\n      <td>-0.012548</td>\n      <td>0.012144</td>\n      <td>-0.022740</td>\n      <td>-0.007074</td>\n      <td>-0.016439</td>\n      <td>0.033772</td>\n      <td>1.000000</td>\n      <td>-0.055035</td>\n      <td>-0.055376</td>\n      <td>0.406244</td>\n      <td>0.007261</td>\n      <td>-0.128655</td>\n    </tr>\n    <tr>\n      <th>temp</th>\n      <td>0.258689</td>\n      <td>0.061226</td>\n      <td>0.257589</td>\n      <td>0.145430</td>\n      <td>0.000295</td>\n      <td>-0.026143</td>\n      <td>0.029966</td>\n      <td>-0.055035</td>\n      <td>1.000000</td>\n      <td>0.984948</td>\n      <td>-0.064949</td>\n      <td>-0.017852</td>\n      <td>0.394454</td>\n    </tr>\n    <tr>\n      <th>atemp</th>\n      <td>0.264744</td>\n      <td>0.058540</td>\n      <td>0.264173</td>\n      <td>0.140343</td>\n      <td>-0.005215</td>\n      <td>-0.035079</td>\n      <td>0.024660</td>\n      <td>-0.055376</td>\n      <td>0.984948</td>\n      <td>1.000000</td>\n      <td>-0.043536</td>\n      <td>-0.057473</td>\n      <td>0.389784</td>\n    </tr>\n    <tr>\n      <th>hum</th>\n      <td>0.190610</td>\n      <td>-0.078606</td>\n      <td>0.204537</td>\n      <td>-0.278011</td>\n      <td>0.001929</td>\n      <td>-0.059722</td>\n      <td>-0.010880</td>\n      <td>0.406244</td>\n      <td>-0.064949</td>\n      <td>-0.043536</td>\n      <td>1.000000</td>\n      <td>-0.318607</td>\n      <td>-0.317371</td>\n    </tr>\n    <tr>\n      <th>windspeed</th>\n      <td>-0.147121</td>\n      <td>-0.015221</td>\n      <td>-0.150192</td>\n      <td>0.146631</td>\n      <td>0.008409</td>\n      <td>-0.006178</td>\n      <td>0.013373</td>\n      <td>0.007261</td>\n      <td>-0.017852</td>\n      <td>-0.057473</td>\n      <td>-0.318607</td>\n      <td>1.000000</td>\n      <td>0.101369</td>\n    </tr>\n    <tr>\n      <th>cnt</th>\n      <td>0.163439</td>\n      <td>0.260403</td>\n      <td>0.166862</td>\n      <td>0.400601</td>\n      <td>-0.005393</td>\n      <td>0.027690</td>\n      <td>0.011594</td>\n      <td>-0.128655</td>\n      <td>0.394454</td>\n      <td>0.389784</td>\n      <td>-0.317371</td>\n      <td>0.101369</td>\n      <td>1.000000</td>\n    </tr>\n  </tbody>\n</table>\n</div>"
     },
     "execution_count": 193,
     "metadata": {},
     "output_type": "execute_result"
    }
   ],
   "source": [
    "dataframe_raw.corr()"
   ],
   "metadata": {
    "collapsed": false,
    "pycharm": {
     "name": "#%%\n"
    }
   }
  },
  {
   "cell_type": "markdown",
   "source": [
    "Prepare dataset for training"
   ],
   "metadata": {
    "collapsed": false,
    "pycharm": {
     "name": "#%% md\n"
    }
   }
  },
  {
   "cell_type": "code",
   "execution_count": 194,
   "outputs": [
    {
     "data": {
      "text/plain": "(['season',\n  'yr',\n  'mnth',\n  'hr',\n  'holiday',\n  'weekday',\n  'workingday',\n  'weathersit',\n  'temp',\n  'atemp',\n  'hum',\n  'windspeed'],\n ['cnt'])"
     },
     "execution_count": 194,
     "metadata": {},
     "output_type": "execute_result"
    }
   ],
   "source": [
    "input_cols = list(dataframe_raw.columns)[:-1]\n",
    "output_cols = ['cnt']\n",
    "input_cols, output_cols"
   ],
   "metadata": {
    "collapsed": false,
    "pycharm": {
     "name": "#%%\n"
    }
   }
  },
  {
   "cell_type": "code",
   "execution_count": 195,
   "outputs": [],
   "source": [
    "def dataframe_to_arrays(dataframe):\n",
    "    # Extract input & outputs as numpy arrays\n",
    "    inputs_array = dataframe[input_cols].to_numpy()\n",
    "    targets_array = dataframe[output_cols].to_numpy()\n",
    "    return inputs_array, targets_array"
   ],
   "metadata": {
    "collapsed": false,
    "pycharm": {
     "name": "#%%\n"
    }
   }
  },
  {
   "cell_type": "code",
   "execution_count": 196,
   "outputs": [
    {
     "data": {
      "text/plain": "(array([[ 1.    ,  0.    ,  1.    , ...,  0.2879,  0.81  ,  0.    ],\n        [ 1.    ,  0.    ,  1.    , ...,  0.2727,  0.8   ,  0.    ],\n        [ 1.    ,  0.    ,  1.    , ...,  0.2727,  0.8   ,  0.    ],\n        ...,\n        [ 4.    ,  1.    , 12.    , ...,  0.3182,  0.61  ,  0.2239],\n        [ 4.    ,  1.    , 12.    , ...,  0.3485,  0.61  ,  0.0896],\n        [ 4.    ,  1.    , 12.    , ...,  0.3333,  0.66  ,  0.1343]]),\n array([[ 16],\n        [ 40],\n        [ 32],\n        ...,\n        [168],\n        [129],\n        [ 88]], dtype=int64))"
     },
     "execution_count": 196,
     "metadata": {},
     "output_type": "execute_result"
    }
   ],
   "source": [
    "inputs_array, targets_array = dataframe_to_arrays(dataframe_raw)\n",
    "inputs_array, targets_array"
   ],
   "metadata": {
    "collapsed": false,
    "pycharm": {
     "name": "#%%\n"
    }
   }
  },
  {
   "cell_type": "markdown",
   "source": [
    "Convert numpy arrays to torch tensors"
   ],
   "metadata": {
    "collapsed": false,
    "pycharm": {
     "name": "#%% md\n"
    }
   }
  },
  {
   "cell_type": "code",
   "execution_count": 197,
   "outputs": [
    {
     "data": {
      "text/plain": "(tensor([[ 1.0000,  0.0000,  1.0000,  ...,  0.2879,  0.8100,  0.0000],\n         [ 1.0000,  0.0000,  1.0000,  ...,  0.2727,  0.8000,  0.0000],\n         [ 1.0000,  0.0000,  1.0000,  ...,  0.2727,  0.8000,  0.0000],\n         ...,\n         [ 4.0000,  1.0000, 12.0000,  ...,  0.3182,  0.6100,  0.2239],\n         [ 4.0000,  1.0000, 12.0000,  ...,  0.3485,  0.6100,  0.0896],\n         [ 4.0000,  1.0000, 12.0000,  ...,  0.3333,  0.6600,  0.1343]]),\n tensor([[ 16.],\n         [ 40.],\n         [ 32.],\n         ...,\n         [168.],\n         [129.],\n         [ 88.]]))"
     },
     "execution_count": 197,
     "metadata": {},
     "output_type": "execute_result"
    }
   ],
   "source": [
    "inputs = torch.from_numpy(inputs_array).type(torch.float32)\n",
    "targets = torch.from_numpy(targets_array).type(torch.float32)\n",
    "inputs, targets\n"
   ],
   "metadata": {
    "collapsed": false,
    "pycharm": {
     "name": "#%%\n"
    }
   }
  },
  {
   "cell_type": "code",
   "execution_count": 198,
   "outputs": [
    {
     "name": "stdout",
     "output_type": "stream",
     "text": [
      "Shape of input tensor and target tensor:    torch.Size([10886, 12]) | torch.Size([10886, 1]) \n",
      "Datatype of input tensor and target tensor: torch.float32 | torch.float32 \n"
     ]
    }
   ],
   "source": [
    "print(f'Shape of input tensor and target tensor:    {inputs.shape} | {targets.shape} ')\n",
    "print(f'Datatype of input tensor and target tensor: {inputs.dtype} | {targets.dtype} ')\n"
   ],
   "metadata": {
    "collapsed": false,
    "pycharm": {
     "name": "#%%\n"
    }
   }
  },
  {
   "cell_type": "markdown",
   "source": [
    "Convert torch tensor to dataset\n"
   ],
   "metadata": {
    "collapsed": false,
    "pycharm": {
     "name": "#%% md\n"
    }
   }
  },
  {
   "cell_type": "code",
   "execution_count": 199,
   "outputs": [
    {
     "data": {
      "text/plain": "<torch.utils.data.dataset.TensorDataset at 0x24158db02e0>"
     },
     "execution_count": 199,
     "metadata": {},
     "output_type": "execute_result"
    }
   ],
   "source": [
    "dataset = TensorDataset(inputs, targets)\n",
    "dataset"
   ],
   "metadata": {
    "collapsed": false,
    "pycharm": {
     "name": "#%%\n"
    }
   }
  },
  {
   "cell_type": "markdown",
   "source": [
    "Split dataset into 2 parts - training set, validation set"
   ],
   "metadata": {
    "collapsed": false,
    "pycharm": {
     "name": "#%% md\n"
    }
   }
  },
  {
   "cell_type": "code",
   "execution_count": 200,
   "outputs": [],
   "source": [
    "train_ds, val_ds = random_split(dataset, [8460, 2426])\n",
    "batch_size = 20\n",
    "\n",
    "train_loader = DataLoader(train_ds, batch_size, shuffle=True)\n",
    "val_loader = DataLoader(val_ds, batch_size)"
   ],
   "metadata": {
    "collapsed": false,
    "pycharm": {
     "name": "#%%\n"
    }
   }
  },
  {
   "cell_type": "markdown",
   "source": [
    "Display first data batch from train set"
   ],
   "metadata": {
    "collapsed": false,
    "pycharm": {
     "name": "#%% md\n"
    }
   }
  },
  {
   "cell_type": "code",
   "execution_count": 201,
   "outputs": [
    {
     "name": "stdout",
     "output_type": "stream",
     "text": [
      "inputs: tensor([[ 2.0000,  0.0000,  5.0000,  6.0000,  0.0000,  3.0000,  1.0000,  3.0000,\n",
      "          0.3400,  0.3030,  0.9300,  0.3881],\n",
      "        [ 1.0000,  1.0000,  3.0000, 18.0000,  0.0000,  0.0000,  0.0000,  1.0000,\n",
      "          0.5200,  0.5000,  0.2900,  0.2836],\n",
      "        [ 3.0000,  0.0000,  9.0000, 16.0000,  0.0000,  4.0000,  1.0000,  3.0000,\n",
      "          0.6400,  0.5606,  0.9400,  0.2836],\n",
      "        [ 1.0000,  0.0000,  1.0000, 22.0000,  0.0000,  1.0000,  1.0000,  1.0000,\n",
      "          0.1400,  0.1515,  0.6900,  0.1343],\n",
